63
294
342
49
363
243
405
153
44
143
61
286
460
495
359
92
43
24
242
170
367
221
60
346
473
239
91
217
409
171
158
460
137
156
80
474
318
156
80
402
76
189
100
127
500
164
441
393
451
177
171
366
58
482
338
493
54
170
125
23
186
178
121
439
427
175
343
62
28
73
162
382
196
415
36
372
286
420
20
491
201
41
445
383
12
396
10
498
176
413
168
17
390
320
103
179
194
263
252
39
262
438
247
334
201
334
423
232
174
47
188
310
51
253
182
203
412
194
425
75
207
64
81
446
15
26
295
77
418
98
2
143
447
87
174
414
234
142
112
77
48
405
478
237
474
36
8
252
89
227
198
298
282
368
498
102
493
356
447
337
265
316
332
434
252
158
186
357
487
410
314
372
133
299
453
118
6
343
68
279
367
296
261
450
197
457
153
439
205
471
451
136
397
356
111
298
308
395
156
171
295
476
31
256
254
410
328
105
491
79
237
44
242
261
61
271
303
92
420
96
484
4
135
263
113
162
114
441
312
228
123
153
333
283
462
198
39
476
5
216
79
437
442
69
153
249
384
202
422
126
184
13
268
416
160
231
485
322
57
316
75
382
328
95
104
124
12
80
300
392
388
142
140
320
429
446
432
430
327
298
154
222
420
26
289
291
62
379
296
301
142
224
265
125
369
138
387
180
350
116
424
87
247
201
252
396
93
107
91
79
205
487
462
203
137
66
246
405
335
475
274
248
95
365
494
38
245
421
108
306
472
348
214
45
266
107
413
258
321
362
43
171
378
375
500
182
50
423
36
32
74
282
221
343
36
251
236
276
251
286
99
10
135
187
84
369
149
87
188
394
409
106
484
73
23
425
175
171
413
291
83
33
470
200
391
447
185
61
446
254
414
148
242
212
415
479
348
336
128
84
37
386
267
181
67
350
319
336
338
274
180
463
153
226
88
342
410
460
461
182
9
495
131
116
357
87
457
242
231
343
152
80
399
34
378
94
112
139
21
29
57
172
44
117
465
108
271
366
86
363
48
149
159
15
396
117
67
227
445
379
245
256
425
341
418
328
408
500
104
67
385
489
211
118
491
263
197
86
360
467
225
149
23
386
54
15
205
143
373
306
47
259
16
456
297
353
101
268
239
180
29
413
413
46
410
35
370
86
71
394
85
261
228
170
89
140
17
223
242
43
440
342
54
473
288
20
22
388
278
229
188
198
214
221
21
441
377
30
467
500
154
374
219
46
195
112
489
106
105
260
11
416
153
429
240
480
415
327
4
236
95
125
240
259
274
214
197
483
369
418
189
111
65
478
311
227
272
244
459
129
279
300
456
471
237
99
366
217
184
302
357
319
366
305
172
407
448
378
354
417
498
212
483
10
258
412
296
78
364
260
465
232
451
138
224
416
107
361
459
345
263
159
388
56
440
454
74
317
371
192
443
56
479
424
420
44
77
452
470
363
73
318
174
367
435
95
300
229
348
482
477
410
235
192
202
242
366
194
51
204
292
443
9
14
481
248
126
52
34
478
102
224
35
204
479
228
151
300
429
170
348
270
370
78
429
478
113
233
391
98
95
152
406
230
379
205
225
331
74
141
393
328
217
298
234
281
68
245
73
308
153
133
210
411
481
436
182
254
22
8
132
32
376
480
150
343
37
41
398
232
500
49
63
6
151
241
412
419
403
288
439
424
407
391
19
267
183
39
88
142
157
172
484
272
1
468
481
83
401
125
394
2
230
377
39
438
297
269
436
128
116
1
378
112
69
458
23
425
143
397
194
102
405
51
147
353
445
206
490
235
430
432
270
465
390
278
158
323
458
399
272
457
205
93
10
209
166
59
467
84
474
307
470
167
285
76
285
390
252
232
286
459
227
140
212
355
69
440
117
99
416
218
13
168
47
34
385
39
350
77
57
321
257
251
492
261
447
93
342
49
254
390
263
149
400
167
372
41
248
349
298
418
385
20
280
375
316
115
311
351
31
322
325
211
340
38
338
459
267
201
407
195
411
251
369
316
331
439
377
488
147
195
85
36
428
397
235
229
253
208
28
100
206
397
170
167
258
134
307
271
272
380
439
79
412
460
193
82
66
272
277
492
159
5
247
42
40
310
290
168
187
151
79
92
77
161
203
496
297
133
462
460
190
459
293
100
375
151
331
5
227
329
370
306
440
390
495
453
92
131
187
97
419
297
38
484
167
472
230
226
111
88
404
242
233
61
309
11
403
494
94
333
330
232
475
160
402
248
171
21
208
358
151
322
456
285
165
351
291
70
